1029934678
854436049
1015512682
1104573800
1057011046
1044133825
1101897591
1056908894
1018614903
1081167235
969011905
1104274839
716614958
880214657
1099028700
1029888138
782098227
1056206600
1104321812
1089426179
1096660327
713188124
1054970613
1005150236
1053988064
1001720950
1045354453
1105080409
1104249810
1026945665
896727905
1043890866
996192457
1048297812
1033225489
817974903
1104979320
636308429
1054552489
1104216445
1095963858
872621507
1104461857
1106157183
1032359494
1093430154
1100258730
1051173220
1104521291
1100003482
719772298
249765084
1052106428
1104076650
1000658797
1046271600
1048946775
955255905
1037989927
1023078105
1101569509
1100906405
1018170615
1049948038
1096002322
1098986601
1099036447
1103120337
1023499922
720275876
1023406688
610170052
1031448321
1105634141
1047843896
820069616
1101713587
1011740120
1058396138
894652335
1019078975
1012829895
1013621017
1042795344
1100873881
942508139
1099169532
1033952610
980541758
1102388340
1029490108
1048212967
1096120124
1014084470
1092005200
1054229057
1104390886
1011945027
1062517592
1105071909
1174868
1102579229
1030294875
937695905
876699739
1102011294
1102171640
1054639539
1027199956
1053757914
1027969019
1034015140
1062964960
1034174255
946455726
1013553715
1104092419
1000711931
1101170978
1103475914
1021867650
1000716523
1031594860
1104398156
1100631979
1102898494
1102916546
1042291423
860516869
830246143
981467030
1102152185
1038106258
1055377501
1015668468
210757333
1049791499
1046612300
987548312
874640853
704377733
1042238071
1106273177
868116827
957536687
1101294890
1099671837
1047254215
972942394
1104256085
936790387
1104126271
1088599200
1052572660
1059244488
1034558543
1048144111
1106229108
1048548507
968655720
1049815984
1013512579
1102115883
964820968
1099957542
98591365
1049241357
1019979553
1046282578
1051611389
1043038807
1106795468
1023100071
1034076841
1101051628
1105202974
1046448920
1105041590
1056859504
1038116015
1028538959
996195949
1094707962
576871706
879124398
1049791858
1103128095
1102632221
1094227570
518734899
837769162
725746584
1040768165
1058422482
840134479
1081926643
1102052144
1021584958
1102073099
1034329134
1102322565
1055635858
1009160091
1102595866
781637687
1055427497
1018083450
1022650021
1084726177
1027400292
1081494069
1105582321
1003990559
454303682
1059167087
1058685096
1032146331
1037997968
1102128100
