1013761843
1101592328
427084253
1034563607
695327733
784953399
67054946
1047795610
1103015187
1087105077
1033510030
86767993
541538254
213408802
1102545020
1106729182
837344198
1103149980
1080601810
1041950034
1033441348
1033583697
775461978
454255442
1040787158
1099347004
14096567
1008393864
1102599570
872049038
1098227370
886805551
1049546463
1001267792
1100265823
1043967625
632066704
1097436937
615358466
1014807691
1021803891
508125316
1040733034
1106595666
1101675210
1027327430
1014607274
956173167
694356489
1102203633
992505850
698579392
1018571518
670060534
1019295721
1027926786
1096690029
833752700
1045444888
1044535750
842656746
800275554
596959632
1027578547
621370081
250825326
1022353231
461470487
1077910999
784988613
1101987629
1057272713
1031555002
752685115
1059699567
423868030
1104213157
737792768
434929468
1018550033
1104088897
366077024
965258750
1051006680
1103551220
1044201299
3225555
1102489280
1090534802
1042138554
961606456
1047475703
1030015085
1106393030
410706407
555767962
714560744
1033521640
1046183095
1059562215
666222885
1103296558
1096315530
1012488826
446919386
271029004
1104070031
1102584380
1103658004
812654709
713421525
1103061394
998841254
37197320
1057329167
445680726
1099085396
393659137
441035327
1099319691
980600501
1102077335
12075418
1051354315
1104917566
1044326105
1100474502
1104354033
1038052985
667285367
370736937
964563391
53848624
1043852432
1085675751
1102574616
971651757
857102230
1041943391
74477540
953949780
1034181097
434877139
1040252454
217861645
965178357
793235641
683503979
1040061958
923173163
928576075
2484077
549523675
474871083
304918050
1078500566
722137213
391882004
10446265
943060342
808180098
776940112
1056998050
1055279836
1050301176
1043625605
1028721607
1100695987
1106218594
1089136604
1057303900
485601516
1047368527
493143941
1009553222
358877133
1105518157
848860717
1040619823
784641070
1051193017
172367779
943799438
746151263
813806154
935069785
1104048182
1102940585
1051826709
871813066
934306082
296644711
941923646
872276725
715509286
948490437
1099706576
213774261
1099012330
1024463161
1063034184
1041252977
119066674
1235677
776459117
1104056908
70491264
1104568056
1026707105
1058781642
76817314
1046602741
1034248547
1101457110
753033499
677847685
1104438225
996520192
1104533355
1054570946
672399047
547988798
1102234613
1039415693
939883137
1046348279
475517568
1101039334
535960141
277777758
127786909
1053171606
907858358
1103277459
944233007
1013006594
1057423461
531004752
1047699154
469837979
1055175814
955010355
1049494888
302823419
575112909
1054736322
798771527
899726388
1051831976
1006636901
1091292833
799513866
1103987869
25310819
1055177938
573246267
818673287
1022903220
392267860
691949704
23559041
86854035
1029467185
1020077148
1004988506
1056869533
99016664
1106094791
1102501588
1013940680
994197268
1010941929
1090312822
1101160196
1014673741
94391097
1103998563
1044554918
1058701518
1059583706
966260550
1066450414
26126707
970388775
1049572929
1106010962
558911320
755777481
743794715
1056409721
1039664708
227830664
1043091811
202395548
217964862
1104598252
469101064
285798474
1050896861
1000537814
1056984662
1102065290
1097554582
651840215
911486593
71899864
420679312
1106240596
1058751468
705423390
536929979
1040615233
1102587246
795207946
1057644734
1018582505
1019946340
1058026724
1014503642
552926977
1054271393
24054483
1105597780
551556046
694237797
1020000789
958892234
1105140800
1089149810
736986878
938032759
650935012
647176640
1102489662
1070317186
911941289
2758369
1101143536
1094390684
1049511821
596276572
963819411
1101170251
1035903914
1104854321
1101075825
1057655228
297991105
154752663
924911970
1037991367
1034632296
1051631395
1038455443
137811828
1102537148
1046809931
1102065539
1013820718
24183352
514963300
155495244
1105676066
989924622
1054478576
1104037693
1036418310
1032680592
1045626199
952376164
816039438
1094233057
787559358
470207180
428522519
1026908466
1089270022
1045547342
966997088
1102181428
394631614
991659197
1001623132
1031523830
1100117300
1049970668
1054511120
1092877899
1080434906
1017148129
1059172391
964701770
933665086
407426207
504425185
1102964004
1101153652
1103560180
1054417733
416498537
318812397
732813837
722541551
1047801177
897433375
570818338
1104618887
1105761981
956005103
751611988
1078003126
1014848441
1037834655
1418954
930426890
1104049967
1048398858
527762233
535733708
1101218626
1054392509
1101143008
1056570109
1083414828
723565014
1027058349
1106697515
1041924426
1086916935
554703608
1097049264
661677586
1101147711
721407362
739456692
830634679
1043333656
1093896772
1041193195
1006948801
658916136
1047685850
1041911519
1013582216
377189030
1027378379
1049265377
664620339
729105601
839606160
592476044
883344283
1101236254
1052591446
1055737230
1062047494
701837418
717424527
679892324
212537370
1028796842
620853167
209045778
920574228
16022647
1047660529
317102151
1050546729
565624279
1037173202
946412603
1013642577
128590181
481166355
92363993
1032599567
1098125714
620621853
323825018
130596041
693314394
1047014272
992405472
745239954
788628255
167750352
657199169
1104242312
568275218
1100183674
911670250
1104080921
1023702920
1057658521
705637043
1105320895
457647897
1049611372
1055722842
1104012482
1101425107
915586873
1022651169
782490952
722399568
907698508
1097816673
1052941221
674257651
1054280313
1048508720
791763979
1021126253
1095624153
769242405
1101979232
387508504
934540527
670396905
1106826340
1042506166
1031448743
1033054546
215845773
1002092951
1104323987
944800275
894645205
320701167
604601311
906260681
848829187
377490287
1016450697
1096845436
1040460850
1103738956
1053652365
11173712
604694444
1054663122
950830038
1103998601
874257228
967928935
1077884963
1051501695
16017827
171090261
75681498
126870601
1103058067
669379725
1102327996
1043952221
1101354831
1074362124
296663864
967366613
1013869768
1050207282
751960555
48903108
862752893
1051478628
766397363
1098741110
1058851497
1101300570
868996753
994033852
992407815
790237224
1053282470
881589135
1043159543
1105197642
513513947
1101192661
1099670495
1095798247
953238310
833751927
1029492878
836586565
701108669
995690277
1103451276
1102528923
350607913
1056302573
993661833
487965922
655070158
879028317
1103497514
981424131
24454436
679469855
1039238061
185818235
1012000542
430388070
174024492
537954144
564026066
552136319
1001611276
205962350
651195791
863916600
1049704942
759928196
1102213513
1103024759
1052558373
1004895572
954066847
1063650536
1078940151
1097900042
709335735
1056792831
997611208
645566904
1104273486
115330418
747618171
150594774
535773125
1053914304
621492661
376390617
671913504
410386785
323957667
1013992743
283113655
1103612052
1048491072
1043623407
1001505994
1103945190
962650049
1021667335
1043522166
1021594702
1099446889
869453968
1103466377
832072188
1096211655
72202916
1104479641
1105060124
970949040
1039374602
959366789
1030617850
1078087375
167377992
1095834241
755419502
708470445
1047378931
1041071324
1052425642
1042272749
605525093
1033931391
1023270539
1102575094
1101314171
1077808121
998325423
1105745033
1092357832
877005295
1100928660
704773534
1104180922
1103548534
1069751965
1056743146
1031843346
925222602
1049583518
1106266411
546292947
883460369
1035890237
517999132
1018073501
631328380
1044028567
1093424333
883281587
1043342557
962983708
949742872
824732107
16449216
1027426520
922491256
508095756
914826207
474234619
1040464469
1100013549
1049962553
943571315
1034099864
1090352945
510181464
509316618
1008569129
1054503760
986598530
977176558
1008591859
327679240
635666376
833212758
599036298
1031309493
1052132508
712789553
564056187
1097574155
862659669
962392593
451857220
1101173418
1001159545
1030730003
1013777918
1043047407
885969954
454543945
1049891214
1100735453
549695351
1105461562
747711954
1056899267
722691096
30090882
1032536757
1102012854
809859521
857738700
104237877
495200407
596360581
795813893
519906830
1086797022
1043669444
1042069422
1043082970
865047877
1031334588
881794900
1100915098
730441073
1102909082
1102765571
1101413850
1090204960
895926222
49073932
697442560
1101171057
898480892
1055622304
746285260
907179568
928488850
1007850377
1106415814
1106607455
966174478
960755252
1101151032
997362636
1052530136
1003907268
1106801436
1014134577
1039288700
829134744
1035037335
817535856
1099310560
1043141519
957664956
647763029
1014019030
761966413
1029490883
81482184
1070704625
894663057
1105151683
991795643
960385902
1035362704
1025555825
1046995601
919259291
1101135873
1034702627
930994785
919557764
837475551
1039850670
1059991142
714112785
76052686
1098301814
944185612
447180727
1105167619
945271615
1045663138
1039286007
349243452
1012657007
744448631
1057350362
1103582390
938467473
1043190433
429904966
716940962
1000915202
1105871205
812485296
1104991233
1101167851
453989604
1063529659
1036660108
529579910
1103685618
1099514114
1103573330
656203797
320825986
1102024064
519250564
997811133
1043369115
622285356
990061947
1050156960
358548366
1023496207
851311391
1049314086
1000737554
1076893793
573394978
1052177517
53732214
417986562
565006
683972278
1034685083
440611505
778874687
62441084
558281649
434125884
666093159
381711641
1087578680
947558522
636153445
1104968579
965261452
1047824974
1034401933
1007801103
608208018
697129360
12115110
1021813414
500938860
906588032
435683679
851938385
349781128
460817427
965802132
1101442140
1097769756
808185362
1104418020
1034385238
889693240
1103891540
348369141
1103166583
681075028
746127903
1040278984
996516506
829925335
1101388286
1088881897
1051295384
654377724
580197238
1057838940
1101539506
1050189499
427467169
1053554282
1090288173
716556060
1101323359
723696080
1045158192
711247209
1102225308
1022460940
798268958
1053969417
1106291227
983433141
709049179
380719598
1053152405
1053505346
1103580430
989901900
413205033
475235815
1049106254
785535493
176137745
1012379712
1103426502
1009583212
1106655461
1040789761
1043998221
1028803282
1044632477
433795301
1044276853
1093473971
1047341783
954543745
1060972747
781944458
577459186
1101174578
585206289
1046854796
1053481463
1103785606
1104564389
396141608
1027376408
88428775
1055212750
878601568
249327657
1101575276
1026143491
567130509
791742310
1084088665
1101477742
1018661453
1047935717
1104724544
1105638454
1090821825
509570752
1052311638
1096336347
1100790813
1102364499
1037743530
843979777
860217763
685850391
1056703709
1101573126
816795075
545339022
435153887
859514836
614489579
553454257
1033861550
1101181401
1102585182
1020667498
836939509
1094420603
449611958
1094472934
1050127779
1102026574
1100974528
1052637018
1037775587
817794928
1094384535
1043987714
1095140337
1075052111
1087119279
1101897062
451769128
667147930
508298350
945303598
983700226
1051522674
578391656
989971417
104240084
131692491
654730194
860756730
1046176714
1101232751
117487433
1059311167
1042646818
1103053145
1056561317
1049086208
1018432837
1104887679
1010133581
1014414677
1050301975
1103681909
988831924
937361533
347831211
1102688735
993317530
1031571189
727817968
874517070
991289922
187139359
1100403818
1106054192
367860126
563871237
1044831811
1057257300
925428135
1105658501
890173376
165830846
714750031
1048137047
1104921508
1105184905
603703170
1018183385
775331259
1048525919
1105994835
474095779
1033908914
1096829114
1104531060
1104457244
1056740627
664019345
1059284171
911668750
950556175
325958849
308734334
1047699231
1048919016
149797692
1100993272
1059314569
735278475
1042183880
1059458342
1101107778
1041441285
1002643357
1094944088
1100954425
1016227737
588911086
1051025512
1031551861
778731110
1104565679
1057962693
900372106
1025377803
633239260
1089193788
72672218
878646740
1059461920
1106565731
1058960119
1106799826
1077150158
1104316809
1034301230
1055983573
961093470
941063090
1043824673
1029486141
1013459392
695080753
323940691
942962737
1025904201
543774640
588867470
16086988
1047014993
474423419
1048705006
1102683801
1055970319
1105672886
1103047172
1063076854
1054477743
280176764
1077572164
1104472359
496329756
539335425
853474494
1105571144
1038619549
931344934
1103644133
1106031024
941987317
1103591076
671262117
1014024939
1089074243
566789880
938027562
1103665827
1039436647
972651333
1049144231
1098459450
1047029491
919107639
24633987
1094275085
1104927420
1017129446
1028425639
1104567385
408631663
1071610129
794816908
437808585
1035414547
1016182978
416989441
1058341804
891639731
864502601
1031552215
1105909853
1098696794
1043377655
1016459102
1093324696
1101559429
1102044332
1017320016
779089924
1104255008
639560465
1101240907
997361297
1101990494
968092669
1098558464
1096873945
1104151107
1049549291
750060639
928977773
1050277520
1102372604
1101876705
756642454
837704973
1039573062
1052538164
949559102
1038039300
878894757
1040086920
482009
1095555343
1096343780
1082839725
964625443
902086402
1030485923
847416751
327547948
1103205428
1106329704
1004229584
1055445924
1365790
484739858
871612507
1028145695
1103641465
1030212214
1034210188
1097242145
1047459554
1103987934
1104554226
1106047690
1058926426
1030291739
1019983293
897637719
1105198804
1056799092
955328451
925976733
1071599197
1053147964
902725679
891222703
1105473231
1000028380
1019368022
1022744827
744697457
11826970
1056700006
1104011271
922812724
1104594156
1052411304
1049495824
1082557987
1104274660
1096748946
724439119
609123695
1041329665
1101442682
85440296
1104438432
850411285
1041562506
1057976889
852728717
914212649
915639376
878928547
1104248432
1007759945
144501645
1037999216
1103965456
755768591
992234043
857840534
525816703
119808135
1049966833
1044864736
733085701
116623131
1010159625
1097847805
1048872654
1038010599
935805138
605634309
682577213
1055065939
1096647467
1056710533
1091866570
575781891
1034457116
1030920549
1089249253
712952838
862802654
1029406701
1037825473
1102592143
937805484
632038040
1036415922
622053888
1086382300
1056548137
1052401725
1059588699
769883613
1101998253
638090345
423044427
1042796313
823712999
786646991
1017946675
741537879
569920158
630464616
249062610
1019329663
714790021
1047653903
880529117
1105506765
1105103940
750388026
869122160
1022676372
1105507694
1098384770
1009608221
915557056
508432549
548556444
1104282481
1102028908
1104537303
1019718983
880085360
347375414
1098507930
1100791250
159315437
1036519721
113054957
1017839634
846820587
1100947589
86115842
860190514
1047883494
993837356
1043602383
962346966
1011905704
1104163306
1102096730
1041015384
1034559009
1102385422
1103349268
1022939693
664238224
147251858
1009636925
566639801
1049514602
905063314
1103177671
959794406
684545697
1100369052
1043235557
956567301
1102394960
380919353
1013862413
121649554
852999303
942567481
928837769
368007272
1059333310
1102675890
898755786
1035672504
1038605978
1048970491
1102209358
575097232
1104371877
1099624838
996693562
1085377624
717926188
1053617580
333221140
1041478616
1083080093
108450690
1102664088
1022992509
816795461
1055474980
493140202
1101984644
554073708
1055377263
516296505
770662672
46301182
1054353898
723119170
418924306
408130792
1103632853
950570339
966527023
1092930004
1100042157
1098677627
1048103761
1105480934
651184565
500840504
760986479
491817614
1104324574
908268607
995788398
1043195615
1044538464
324036742
587897844
781028134
1000895151
1012072222
1049232149
1013940610
828753766
1049203564
928997516
1047913026
984060200
934121621
913781645
1063560955
1106128340
14346821
411749257
879030082
245195282
929901061
471502837
416225942
608378722
714679255
1104540602
882841562
1104037188
1052711959
1045134425
468491614
640518752
1104629029
943301579
1012095613
1035033590
366031079
1040680369
1047210462
896498376
686968157
1043357553
1103857774
820397636
1056141453
1105443570
1103244189
1009249918
1038524500
1101568197
2783094
1087556525
1104476634
1104727336
1092891068
1024377030
1103875515
1102633158
496290466
730495525
1050420943
1103459673
822635779
1052846787
35832532
685723854
193480459
1058745936
1052412252
1105728499
663618101
983438515
16257896
1101473917
448554455
1051754842
1053075506
382328207
1056992054
1106213017
949087859
1028772264
909423761
756629038
1091945136
1060066892
359877204
1014127031
712155795
353897431
906089177
1084461089
1032012255
1024098474
1104366289
1049240708
1082741202
694149256
1099294927
967266728
923335403
1038175103
76931314
646613972
1052163770
789072018
727331379
1048192547
1066257466
687376917
795132759
1102381538
480796374
1056478699
1048184796
1104202498
950330283
279626423
290198752
1031748377
663156538
220861841
530759370
1013455223
963028195
1102653726
1081160238
1054759084
1034614102
25444519
1097599295
1037792392
429652006
1055156811
1103055823
1098709223
1046170728
1049662860
608158516
1104278334
1032796048
206154472
1042847873
727812233
900990414
934186454
703651817
679446262
882155213
1019361755
1043973653
1102972645
969506780
1104257924
891397846
1058996614
959449091
1038092859
1049098984
1017995201
1047424570
468319482
858013818
1104640896
1101178963
1055446049
527840371
803518045
659453298
546112017
948303195
298122473
622360184
1105068735
901035260
1047681496
1044551025
486423724
1024559801
1006765123
1047611446
1053622298
979531803
851890621
747594436
1058524961
1021300784
967727891
894586897
1104298269
928777248
350889014
953648043
1103118008
1099101043
485321115
924683668
1047378243
1059907189
1106239033
1094885558
1040227581
1031181337
962939166
1037379741
1047643930
956422613
1024538247
904081079
1087872610
1004620063
965522027
1056281627
993953672
1005333953
1104557942
1105085169
1104471163
1097273453
728768149
1076569750
1049009694
520132211
683735879
981537556
483146571
1101209844
1031087264
946717366
1088705963
1035272908
1105818445
1091895272
1018597112
604558255
1085425611
1035881541
978010419
663049298
1035015441
896406158
451704800
562337358
1059749845
1045347854
1049663251
1059122326
714998301
960478678
785044471
1101502228
1049299417
630103833
1052962195
1103615962
11129788
1029976494
957020408
1038252782
1058935601
1048473529
1102409476
1043295735
1102402437
934313362
1103110509
704808593
516161522
1103917075
795231614
1053332293
593569171
611484407
1078982071
10980534
1052861229
406779966
1048882543
1099262194
2221215
1101183138
353910844
1038674751
1096896091
1037685533
1102914180
419598158
1053262794
656861689
884109526
427352492
706917869
1059108287
251027293
1102122196
1106307549
1024612035
1058146880
548132578
1103798629
1027195931
1050469914
1028168939
897890933
882229193
947613082
906917443
1047933397
651422827
1105702030
1027634837
930160062
65646350
1101566781
443650425
1103118493
1052511153
658627025
1033369380
1037706150
1044757123
866862227
930773814
1036588619
1018606378
820151060
1034186221
62670640
699020
886624125
894294184
1036863762
1012646973
873203023
15768956
933743725
1101396173
1106275464
1051508463
1062024422
1101463040
794809055
816923538
1004180733
1041665522
1102657445
1034670155
1104225491
1045149920
958644910
1043130361
1050631053
1041450489
838095952
1055698167
1104941801
932784839
868019055
1046266533
1083668327
1102045748
850768426
1092645523
1102043674
1015025483
964215355
599180663
607625939
337711455
1104529149
927674595
937314838
1048888677
895753623
843961615
1027157760
1102001134
24001065
830023954
1035677144
476123125
1039617512
1000681662
311321495
1051084807
1102594031
775718864
1100421931
1035885677
403932357
918710570
404827993
1104129510
1035419536
1014636532
1023565114
1041918390
1027350160
1014013227
1024794874
1091608348
1098280329
1018388544
1100286302
205859871
290809071
1051214989
938025934
1094047365
901081670
1059348719
1093875506
933119705
13657190
1028888841
1021022482
1013856144
1010357762
983993888
717301138
1022099512
1027401347
996518741
997419609
727329284
998343907
1054048707
1101499483
699404362
1029696781
575823898
1038357210
1099914463
877156525
1001030707
1018676778
1042809717
1078134023
1056132042
743057141
1049344876
904411862
1097994691
713029003
1018578177
171766881
1101248053
1047651561
822305429
542468405
998053928
740549010
1018039908
391947765
560183938
666451197
477626819
1027444460
1012083372
117121871
1050265464
1044293186
735135605
342914998
958027755
1029423517
119305942
1102041070
1102944023
1058074337
1103531958
1030470450
1054189658
1056913790
1065349824
1093687015
1045328599
619437542
